0.18575963718820862,0
0.3250793650793651,0
0.615328798185941,2
0.7198185941043084,2
0.905578231292517,4
1.5789569160997732,4
1.8459863945578232,0
2.124625850340136,1
2.2523356009070294,2
2.5309750566893423,4
2.6586848072562357,8
2.7980045351473923,7
2.9373242630385485,6
3.053424036281179,3
3.2043537414965986,0
3.4946031746031747,1
3.7732426303854876,2
4.028662131519274,4
4.284081632653061,8
4.446621315192743,7
4.574331065759637,6
4.725260770975057,3
4.85297052154195,0
4.992290249433107,1
5.12,2
5.259319727891157,4
5.410249433106576,8
5.5147392290249435,7
5.6540589569161,6
5.863038548752835,3
5.979138321995465,0
6.199727891156463,1
6.489977324263038,2
6.640907029478458,6
6.919546485260771,7
7.186575963718821,8
7.314285714285714,0
7.453605442176871,0
7.720634920634921,2
7.859954648526077,2
8.13859410430839,4
8.417233560090702,4
8.684263038548753,0
8.835192743764173,1
9.09061224489796,2
9.392471655328798,4
9.496961451247165,8
9.647891156462585,7
9.798820861678005,6
10.065850340136054,3
10.344489795918367,0
10.588299319727891,1
10.866938775510205,2
11.00625850340136,4
11.261678004535147,8
11.435827664399094,7
11.57514739229025,6
11.679637188208616,3
11.853786848072563,0
11.95827664399093,1
12.10920634920635,2
12.26013605442177,4
12.376235827664399,8
12.538775510204081,7
12.678095238095239,6
12.782585034013605,3
13.061224489795919,0
13.200544217687074,1
13.351473922902494,2
13.49079365079365,4
13.630113378684808,8
13.757823129251701,7
13.897142857142857,6
14.013242630385488,3
14.152562358276644,0
14.303492063492063,1
14.419591836734694,2
14.570521541950113,4
14.744671201814059,8
14.872380952380952,7
14.965260770975057,6
15.255510204081633,3
15.406439909297053,0
15.545759637188208,1
15.673469387755102,2
15.824399092970522,4
15.975328798185942,8
16.07981859410431,7
16.23074829931973,6
16.335238095238097,3
16.497777777777777,0
16.62548752834467,1
16.91573696145125,2
17.04344671201814,4
17.182766439909297,8
17.438185941043084,7
17.589115646258502,6
17.84453514739229,3
18.007074829931973,4
18.123174603174604,4
18.436643990929706,1
18.866213151927436,0
19.13324263038549,1
19.353832199546485,2
19.51637188208617,4
19.655691609977325,8
19.771791383219956,7
20.038820861678005,6
20.201360544217685,3
20.329070294784582,4
20.56126984126984,4
20.86312925170068,4
21.0140589569161,0
21.269478458049885,2
21.582947845804988,7
21.803537414965987,0
22.105396825396827,1
22.372426303854876,2
22.523356009070294,4
22.68589569160998,8
22.801995464852606,7
22.941315192743765,6
23.057414965986396,3
23.208344671201814,0
23.4637641723356,1
24.03265306122449,2
24.14875283446712,4
24.3112925170068,8
24.439002267573695,7
24.589931972789117,6
24.694421768707482,3
24.86857142857143,0
24.973061224489797,1
25.112380952380953,2
25.402630385487527,4
25.55356009070295,8
25.64643990929705,7
25.925079365079366,6
26.076009070294784,3
26.203718820861678,1
26.482358276643993,3
26.73777777777778,5
27.00480725623583,1
27.295056689342402,3
27.58530612244898,5
27.85233560090703,1
28.374784580498865,3
28.88562358276644,5
29.141043083900225,0
29.23392290249433,1
29.489342403628118,2
29.640272108843536,6
29.756371882086167,7
30.035011337868482,8
30.30204081632653,0
30.580680272108843,0
30.859319727891158,2
31.010249433106576,2
31.428208616780044,4
31.811337868480727,4
31.93904761904762,0
32.113197278911564,1
32.229297052154195,2
32.48471655328798,4
32.76335600907029,8
33.041995464852604,7
33.20453514739229,6
33.30902494331066,3
33.63410430839002,4
33.866303854875284,4
34.13333333333333,1
34.702222222222225,1
34.95764172335601,3
35.25950113378685,5
35.65424036281179,0
35.781950113378684,1
35.92126984126984,2
36.33922902494331,6
36.86167800453515,7
37.16353741496599,8
37.430566893424036,4
37.964625850340134,4
38.243265306122446,1
38.54512471655329,0
38.66122448979592,1
38.8237641723356,2
39.05596371882086,6
39.32299319727891,7
39.48553287981859,8
39.62485260770975,1
40.19374149659864,3
40.704580498866214,5
40.84390022675737,4
40.96,4
41.26185941043084,4
41.54049886621315,0
41.691428571428574,2
41.807528344671205,7
41.9352380952381,1
42.64344671201814,3
42.898866213151926,5
43.44453514739229,0
43.71156462585034,1
43.8508843537415,2
44.00181405895692,4
44.11791383219955,8
44.40816326530612,7
44.54748299319728,6
44.698412698412696,3
45.069931972789114,4
45.20925170068027,4
45.627210884353744,1
46.08,0
46.18448979591837,0
46.335419501133785,2
46.74176870748299,2
47.008798185941046,4
47.275827664399095,4
47.79827664399093,1
48.134965986394555,3
48.39038548752834,5
48.64580498866213,0
48.94766439909297,1
49.191473922902496,2
49.48172335600907,4
49.621043083900226,8
49.76036281179138,7
49.888072562358275,6
50.062222222222225,3
50.18993197278912,0
50.31764172335601,1
50.45696145124717,2
50.58467120181406,4
50.85170068027211,8
51.153560090702946,7
51.39736961451247,6
51.58312925170068,3
51.67600907029478,0
51.803718820861675,1
51.96625850340136,2
52.22167800453515,4
52.37260770975057,8
52.50031746031746,7
52.628027210884355,6
52.790566893424035,3
53.0227664399093,4
53.336235827664396,4
53.59165532879818,4
53.730975056689346,0
53.998004535147395,2
54.28825396825397,7
54.39274376417234,0
54.55528344671202,1
54.82231292517007,2
54.973242630385485,4
55.10095238095238,8
55.240272108843534,7
55.51891156462585,6
55.76272108843538,3
55.92526077097506,0
56.06458049886621,1
56.180680272108845,2
56.33160997732426,4
56.48253968253968,8
56.62185941043084,7
56.74956916099773,6
57.01659863945578,3
57.30684807256236,4
57.7015873015873,4
57.96861678004535,1
58.13115646258503,4
58.2356462585034,4
58.39818594104308,4
58.641995464852606,0
58.93224489795919,2
59.199274376417236,7
59.37342403628118,1
59.59401360544218,3
59.87265306122449,5
60.174512471655326,0
60.32544217687075,1
60.56925170068027,2
60.836281179138325,4
61.01043083900227,8
61.103310657596374,7
61.265850340136055,6
61.544489795918366,3
61.67219954648526,0
61.83473922902494,1
62.09015873015873,2
62.35718820861678,4
62.49650793650794,8
62.61260770975057,7
62.76353741496599,6
63.03056689342404,3
63.15827664399093,0
63.332426303854874,1
63.5762358276644,2
63.73877551020408,6
64.01741496598639,7
64.28444444444445,8
64.56308390022676,0
64.80689342403628,1
64.95782312925171,2
65.22485260770975,6
65.36417233560091,7
65.51510204081633,8
65.88662131519274,1
66.46712018140589,3
66.71092970521542,5
66.87346938775511,4
67.01278911564626,4
67.14049886621315,4
67.57006802721088,0
67.68616780045352,2
67.97641723356008,7
68.09251700680272,0
68.35954648526076,1
68.61496598639455,2
68.77750566893424,4
68.92843537414966,8
69.07936507936508,7
69.21868480725624,6
69.3231746031746,3
69.60181405895692,0
69.75274376417234,1
69.88045351473923,2
70.28680272108843,6
70.58866213151927,7
70.85569160997733,8
71.13433106575964,0
71.27365079365079,1
71.459410430839,2
71.8077097505669,6
72.00507936507937,7
72.31854875283447,8
72.55074829931972,4
73.0615873015873,4
73.30539682539683,1
73.59564625850341,0
73.88589569160997,0
74.15292517006803,2
74.24580498866213,2
74.40834467120182,4
74.69859410430838,4
74.93079365079365,0
75.1978231292517,1
75.52290249433106,2
75.62739229024943,4
75.78993197278912,8
75.91764172335601,7
76.08018140589569,6
76.19628117913832,3
76.33560090702947,4
76.46331065759637,4
76.62585034013605,4
76.86965986394557,0
77.1134693877551,2
77.42693877551021,7
77.69396825396825,1
77.98421768707483,3
78.4950566893424,5
78.77369614512472,4
79.05233560090703,4
79.33097505668934,1
79.85342403628118,0
80.36426303854876,1
80.60807256235827,2
80.72417233560091,4
80.96798185941043,8
81.10730158730159,7
81.21179138321996,6
81.36272108843538,3
81.50204081632653,1
81.75746031746031,3
82.0477097505669,5
82.29151927437641,4
82.581768707483,4
82.83718820861678,1
83.41768707482993,1
83.94013605442177,3
84.21877551020408,5
84.38131519274377,4
84.48580498866212,4
84.76444444444445,4
85.07791383219954,0
85.33333333333333,2
85.61197278911564,7
86.14603174603175,4
86.68009070294785,4
87.24897959183673,1
87.38829931972789,1
87.78303854875283,3
88.07328798185941,5
88.34031746031746,1
88.59573696145125,3
88.8627664399093,5
89.30394557823129,0
89.43165532879819,1
89.69868480725624,2
89.83800453514739,4
90.01215419501133,8
90.10503401360545,7
90.51138321995465,6
90.80163265306122,3
90.94095238095238,4
91.06866213151928,4
91.60272108843537,1
92.19482993197279,0
92.29931972789116,1
92.43863945578231,2
92.70566893424036,6
92.99591836734695,7
93.14684807256236,8
93.25133786848073,4
93.52997732426304,4
94.09886621315192,1
94.36589569160998,4
94.89995464852608,4
95.20181405895691,1
95.44562358276644,4
95.59655328798186,4
96.00290249433107,1
96.38603174603175,1
96.67628117913833,3
97.07102040816326,5
97.3728798185941,1
97.62829931972789,3
97.79083900226757,5
98.18557823129251,4
98.62675736961451,4
98.91700680272109,1
99.27691609977325,0
99.59038548752835,1
99.7297052154195,2
99.97351473922903,6
100.2637641723356,7
100.53079365079365,8
100.78621315192744,0
100.96036281179138,1
101.08807256235828,2
101.2041723356009,4
101.50603174603175,8
101.7730612244898,7
101.92399092970521,6
102.179410430839,3
102.42321995464853,0
102.74829931972789,1
102.98049886621315,2
103.1546485260771,6
103.37523809523809,7
103.67709750566894,8
103.9673469387755,0
104.11827664399092,1
104.37369614512471,2
104.66394557823129,4
104.93097505668935,8
105.18639455782314,7
105.34893424036281,6
105.4766439909297,3
105.61596371882086,0
105.8829931972789,1
106.17324263038549,2
106.28934240362811,4
106.56798185941044,8
106.83501133786848,7
106.99755102040817,6
107.12526077097506,3
107.26458049886621,0
107.41551020408163,1
107.52,2
107.67092970521541,4
