0.3947392290249433,4
0.4992290249433107,4
1.0565079365079366,1
1.6137868480725623,0
2.1710657596371883,1
2.449705215419501,2
2.6006349206349206,4
2.705124716553288,8
2.8908843537414968,7
3.006984126984127,6
3.1579138321995464,3
3.2856235827664397,0
3.436553287981859,1
3.575873015873016,2
3.6919727891156464,4
3.8312925170068026,8
4.005442176870749,7
4.121541950113379,6
4.260861678004535,3
4.400181405895691,0
4.829750566893424,1
4.957460317460318,2
5.108390022675737,4
5.224489795918367,8
5.363809523809524,7
5.491519274376417,6
5.6540589569161,3
5.793378684807256,0
5.921088435374149,1
6.060408163265306,2
6.222947845804988,4
6.339047619047619,8
6.489977324263038,7
6.617687074829932,6
6.896326530612245,3
7.047256235827664,0
7.174965986394557,1
7.349115646258503,2
7.453605442176871,4
7.592925170068027,8
7.720634920634921,7
7.883174603174603,6
8.010884353741497,3
8.150204081632653,0
8.277913832199546,1
8.440453514739229,2
8.568163265306122,4
8.70748299319728,8
8.846802721088435,7
9.404081632653062,6
9.822040816326531,3
9.961360544217687,0
10.100680272108843,1
10.530249433106576,2
10.820498866213152,4
11.064308390022676,8
11.34294784580499,7
11.6215873015873,6
11.77251700680272,3
11.888616780045352,0
12.051156462585034,1
12.178866213151927,2
12.34140589569161,4
12.469115646258503,8
12.596825396825396,7
12.712925170068027,6
12.887074829931972,3
13.154104308390023,0
13.270204081632652,1
13.548843537414966,2
13.804263038548752,4
14.129342403628119,8
14.257052154195012,7
14.384761904761906,6
14.55891156462585,3
14.686621315192744,0
14.814331065759637,1
14.930430839002268,2
15.116190476190477,4
15.24390022675737,8
15.51092970521542,7
15.673469387755102,6
15.789569160997733,3
15.940498866213153,0
16.033378684807257,1
16.219138321995466,2
16.31201814058957,4
16.46294784580499,8
16.61387755102041,7
16.89251700680272,6
17.03183673469388,3
17.147936507936507,0
17.589115646258502,1
17.705215419501133,2
18.018684807256236,4
18.297324263038547,8
18.5643537414966,7
18.703673469387756,6
18.84299319727891,3
18.99392290249433,0
19.400272108843538,1
19.853061224489796,2
19.957551020408165,4
20.24780045351474,8
20.503219954648525,7
20.64253968253968,6
20.758639455782312,3
20.93278911564626,0
21.060498866213152,1
21.223038548752836,2
21.35074829931973,4
21.490068027210885,8
21.61777777777778,7
21.768707482993197,6
22.16344671201814,3
22.31437641723356,0
22.46530612244898,1
22.732335600907028,2
22.906485260770975,4
23.010975056689343,8
23.16190476190476,7
23.278004535147392,6
23.440544217687076,3
23.579863945578232,0
23.707573696145126,1
23.84689342403628,2
23.9978231292517,4
24.13714285714286,8
24.23002267573696,7
24.404172335600908,6
24.671201814058957,3
24.938231292517006,0
25.10077097505669,1
25.240090702947846,2
25.402630385487527,4
25.518730158730158,8
25.774149659863944,7
25.925079365079366,6
26.076009070294784,3
26.21532879818594,0
26.459138321995464,1
26.59845804988662,2
26.911927437641722,6
27.17895691609977,7
27.46920634920635,8
27.759455782312926,1
27.86394557823129,3
28.54893424036281,5
28.85079365079365,0
29.013333333333332,0
29.129433106575963,2
29.38485260770975,2
29.9653514739229,4
30.499410430839003,4
30.789659863945577,1
31.079909297052154,3
31.63718820861678,5
32.15963718820862,4
32.728526077097506,4
33.00716553287982,1
33.274195011337866,4
33.819863945578234,4
34.13333333333333,1
34.37714285714286,4
34.92281179138322,4
35.468480725623586,1
36.08380952380952,1
36.606258503401364,3
37.18675736961451,5
37.45378684807256,4
37.755646258503404,4
38.27809523809524,1
38.83537414965986,1
39.381043083900224,3
39.671292517006805,5
39.949931972789116,4
40.50721088435374,4
41.041269841269845,1
41.62176870748299,4
41.87718820861678,4
42.190657596371885,1
42.736326530612246,4
43.281995464852606,4
43.58385487528345,1
43.83927437641724,0
44.09469387755102,1
44.43138321995465,2
44.68680272108843,6
45.48789115646259,7
45.89424036281179,8
46.32380952380952,1
46.59083900226757,3
48.03047619047619,5
48.32072562358277,4
48.55292517006803,4
48.79673469387755,4
48.99410430839002,0
49.92290249433107,2
50.155102040816324,7
51.17678004535147,0
51.33931972789116,1
51.49024943310658,2
51.61795918367347,4
51.76888888888889,8
51.88498866213152,7
52.0475283446712,6
52.17523809523809,3
52.32616780045351,0
52.453877551020405,1
52.59319727891157,2
52.744126984126986,4
52.88344671201814,8
53.15047619047619,7
53.289795918367346,6
53.4291156462585,3
53.556825396825396,0
53.719365079365076,1
53.84707482993197,2
53.98639455782313,4
54.12571428571429,8
54.265034013605444,7
54.4043537414966,6
54.55528344671202,3
54.67138321995465,0
54.82231292517007,1
54.96163265306122,2
55.11256235827664,4
55.251882086167804,8
55.36798185941043,7
55.50730158730159,6
55.7859410430839,3
55.93687074829932,0
56.06458049886621,1
56.21551020408163,2
56.33160997732426,4
56.49414965986394,8
56.62185941043084,7
56.784399092970524,6
56.900498866213155,3
57.03981859410431,0
57.167528344671204,1
57.34167800453515,2
57.45777777777778,4
57.56226757369615,8
57.73641723356009,7
58.0150566893424,6
58.28208616780045,3
58.54911564625851,0
58.700045351473925,1
58.83936507936508,2
59.28054421768707,4
59.408253968253966,8
59.69850340136055,7
59.8378231292517,6
59.94231292517007,3
60.25578231292517,0
60.48798185941043,1
60.65052154195011,2
60.75501133786848,4
61.08009070294784,8
61.219410430839005,7
61.33551020408163,6
61.49804988662132,3
61.61414965986395,0
61.74185941043084,1
61.89278911564626,2
62.04371882086168,4
62.194648526077096,8
62.45006802721088,7
62.728707482993194,6
62.87963718820862,3
62.98412698412698,0
63.14666666666667,1
63.2627664399093,2
63.43691609977324,4
63.54140589569161,8
63.715555555555554,7
63.831655328798185,6
63.994195011337865,3
64.12190476190476,0
64.26122448979592,1
64.37732426303855,2
64.53986394557823,4
64.65596371882086,8
64.94621315192744,7
65.09714285714286,6
65.23646258503402,3
65.48027210884354,0
65.65442176870748,1
65.81696145124717,2
66.03755102040816,4
66.37424036281179,8
66.49034013605443,7
66.60643990929705,6
66.89668934240363,3
67.19854875283447,4
67.46557823129251,4
68.55691609977325,1
68.85877551020408,0
69.0097052154195,0
69.12580498866213,2
69.39283446712018,2
69.96172335600907,4
70.50739229024943,4
70.79764172335601,4
71.06467120181406,4
71.62195011337869,1
72.15600907029479,1
72.73650793650793,3
73.00353741496599,5
73.27056689342403,4
73.82784580498866,4
74.40834467120182,1
74.91918367346939,4
75.47646258503401,4
76.08018140589569,1
76.59102040816326,4
77.18312925170068,4
77.43854875283446,1
77.75201814058957,4
78.26285714285714,4
78.83174603174604,1
79.38902494331066,1
79.66766439909297,3
79.93469387755103,5
80.5035827664399,4
81.037641723356,4
81.87356009070295,1
82.18702947845804,1
82.73269841269841,3
83.26675736961451,5
83.59183673469387,0
83.8356462585034,0
84.09106575963719,2
84.42775510204082,2
84.6831746031746,4
85.47265306122449,4
85.93705215419502,4
86.64526077097506,4
86.79619047619047,1
87.19092970521542,1
87.53922902494331,3
87.93396825396826,5
88.30548752834467,1
88.74666666666667,3
89.40843537414966,5
89.66385487528345,0
89.97732426303855,1
90.08181405895692,2
90.2443537414966,4
90.6507029478458,8
90.79002267573696,7
91.0918820861678,6
91.39374149659864,3
91.6259410430839,0
92.20643990929705,1
92.29931972789116,2
92.53151927437642,4
92.76371882086168,8
93.042358276644,7
93.26294784580499,6
93.43709750566893,3
93.5764172335601,4
93.84344671201814,4
94.50521541950113,1
94.66775510204081,0
95.23664399092971,0
95.3991836734694,2
95.60816326530612,2
95.72426303854876,4
96.32798185941043,4
96.64145124716553,0
96.75755102040816,1
96.90848072562358,2
97.16390022675736,4
97.47736961451247,8
97.73278911564626,7
97.86049886621315,6
98.02303854875284,3
98.56870748299319,0
98.87056689342404,1
98.97505668934241,2
99.13759637188208,4
99.40462585034014,8
99.70648526077098,7
99.96190476190476,6
100.1708843537415,3
100.53079365079365,0
100.7978231292517,1
101.06485260770975,2
101.19256235827665,4
101.35510204081632,8
101.62213151927438,7
101.88916099773243,6
102.179410430839,3
102.46965986394558,0
102.75990929705216,1
102.99210884353741,2
103.29396825396826,6
103.57260770975057,7
103.80480725623583,8
104.0950566893424,4
104.38530612244898,4
104.69877551020409,1
105.54630385487529,4
106.05714285714286,4
106.31256235827665,1
106.64925170068027,0
106.86984126984127,0
107.17170068027211,2
107.43873015873015,2
107.70575963718821,4
108.2746485260771,4
108.59972789115646,4
108.85514739229025,4
109.94648526077097,1
110.52698412698413,4
111.06104308390023,4
112.17560090702948,1
112.7328798185941,0
112.98829931972789,1
113.30176870748299,2
113.55718820861678,6
113.82421768707484,7
114.13768707482993,8
114.38149659863946,4
114.6833560090703,4
114.9619954648526,4
115.20580498866214,0
115.51927437641723,2
115.76308390022676,7
116.0649433106576,0
116.33197278911565,0
116.5990022675737,2
116.92408163265306,2
117.16789115646259,4
117.42331065759637,4
117.72517006802721,1
118.02702947845805,3
118.27083900226758,5
118.83972789115646,1
119.3970068027211,3
119.94267573696145,5
120.23292517006803,4
120.51156462585034,4
121.04562358276644,1
121.60290249433106,1
121.89315192743764,3
122.18340136054422,5
122.85678004535147,1
124.0758276643991,3
124.5750566893424,5
124.96979591836735,4
125.1091156462585,4
126.35138321995466,1
127.74458049886621,1
128.30185941043084,3
128.85913832199546,5
129.39319727891157,4
130.5193650793651,4
130.77478458049887,1
131.0766439909297,4
131.62231292517006,4
132.15637188208618,1
132.72526077097507,1
133.00390022675737,3
133.2825396825397,5
133.85142857142858,1
135.52326530612245,3
136.61460317460316,5
137.16027210884354,1
137.76399092970522,3
138.03102040816327,5
138.84371882086168,1
139.22684807256235,3
139.67963718820863,5
141.5140136054422,0
141.78104308390022,1
141.90875283446712,2
142.1641723356009,6
142.36154195011338,7
142.918820861678,8
143.31356009070294,4
143.4528798185941,4
144.18430839002266,1
144.3700680272109,4
146.3437641723356,4
146.4714739229025,1
146.5875736961451,0
146.7501133786848,1
146.88943310657595,2
147.16807256235828,4
147.33061224489796,8
147.45832199546484,7
147.60925170068026,6
147.74857142857144,3
147.8878911564626,0
148.01560090702947,1
148.15492063492064,2
148.2942403628118,4
148.4451700680272,8
148.700589569161,7
148.85151927437641,6
149.00244897959183,3
149.1069387755102,0
149.25786848072562,1
149.38557823129253,2
149.55972789115646,4
149.6758276643991,8
149.80353741496597,7
149.95446712018142,6
150.10539682539684,3
150.23310657596372,0
150.37242630385487,1
150.51174603174604,2
150.66267573696146,4
150.9297052154195,8
151.06902494331067,7
151.23156462585035,6
151.3360544217687,3
151.47537414965987,0
151.61469387755102,1
151.76562358276644,2
151.88172335600908,4
152.0326530612245,8
152.17197278911564,7
152.33451247165533,6
152.45061224489797,3
152.6015419501134,0
152.70603174603175,1
152.89179138321995,2
153.14721088435374,4
153.27492063492065,8
153.55356009070294,7
153.8438095238095,6
154.0992290249433,3
154.3894784580499,0
154.52879818594104,1
