0.6965986394557823,4
1.0100680272108844,4
1.4512471655328798,1
1.6137868480725623,0
1.787936507936508,1
1.9736961451247166,2
2.3103854875283445,4
2.5658049886621317,8
2.809614512471655,7
2.9837641723356008,6
3.1811337868480725,3
3.3668934240362813,1
3.7035827664399092,3
4.121541950113379,5
4.3769614512471655,0
4.527891156462585,1
4.760090702947846,2
4.9458503401360545,4
5.166439909297052,8
5.363809523809524,7
5.746938775510204,6
5.932698412698413,3
6.106848072562358,0
6.327437641723356,1
6.501587301587302,2
6.768616780045352,4
7.035646258503402,8
7.325895691609977,7
7.546485260770975,6
7.720634920634921,3
7.813514739229025,1
8.115374149659864,3
8.486893424036282,5
8.70748299319728,1
9.125442176870749,3
9.717551020408163,5
9.845260770975056,1
10.309659863945578,3
10.518639455782314,5
10.89015873015873,0
11.180408163265307,1
11.482267573696145,2
11.6215873015873,6
11.888616780045352,7
12.004716553287983,8
12.248526077097505,0
12.701315192743763,1
12.84063492063492,2
13.049614512471654,6
13.154104308390023,7
13.444353741496599,8
13.64172335600907,1
14.245442176870748,3
14.419591836734694,5
14.628571428571428,0
14.8259410430839,1
14.965260770975057,2
15.232290249433106,4
15.429659863945579,8
15.62702947845805,7
15.928888888888888,6
16.149478458049888,3
16.416507936507937,1
17.38013605442177,3
17.554285714285715,5
17.786485260770974,4
18.018684807256236,4
18.18122448979592,4
18.37859410430839,0
18.75011337868481,2
18.866213151927436,7
18.970702947845805,1
19.37705215419501,3
19.783401360544218,5
19.957551020408165,4
20.131700680272107,4
20.387120181405894,4
20.74702947845805,0
20.956009070294783,2
21.153378684807254,7
21.31591836734694,1
21.826757369614512,3
22.151836734693877,5
22.31437641723356,0
22.54657596371882,1
22.929705215419503,2
23.127074829931974,4
23.336054421768708,8
23.521814058956917,7
23.707573696145126,6
23.91655328798186,3
24.13714285714286,0
24.508662131519273,0
24.659591836734695,2
24.91501133786848,2
25.2865306122449,4
25.437460317460317,4
25.68126984126984,0
25.797369614512473,1
26.076009070294784,2
26.296598639455784,4
26.470748299319727,8
26.656507936507936,7
26.877097505668935,6
27.074467120181406,3
27.248616780045353,0
27.48081632653061,1
27.654965986394558,2
27.85233560090703,4
28.061315192743763,8
28.23546485260771,7
28.43283446712018,6
28.560544217687074,3
28.804353741496598,0
29.03655328798186,1
29.210702947845807,2
29.408072562358278,4
29.60544217687075,8
29.814421768707483,7
30.00018140589569,6
30.127891156462585,3
30.406530612244897,0
30.615510204081634,1
30.778049886621314,2
31.045079365079363,4
31.21922902494331,8
31.393378684807256,7
31.613968253968252,6
31.7881179138322,3
31.997097505668933,0
32.20607709750567,1
32.41505668934241,2
32.60081632653061,4
32.69369614512472,8
32.98394557823129,7
33.18131519274377,6
33.32063492063492,3
33.715374149659866,0
34.00562358276644,1
34.33070294784581,2
34.59773242630386,4
34.748662131519275,8
34.969251700680275,7
35.131791383219955,6
35.43365079365079,3
35.54975056689342,4
35.9328798185941,4
36.30439909297052,1
36.53659863945578,0
36.72235827664399,1
36.94294784580499,2
37.1287074829932,4
37.52344671201814,8
37.73242630385487,7
37.92979591836735,6
38.15038548752835,3
38.32453514739229,0
38.47546485260771,1
38.67283446712018,2
39.114013605442175,6
39.24172335600907,7
39.70612244897959,8
39.8918820861678,0
39.996371882086166,1
40.27501133786848,2
40.68136054421769,6
41.087709750566894,7
41.26185941043084,8
41.45922902494331,0
41.853968253968254,1
42.074557823129254,2
42.26031746031746,4
42.36480725623583,8
42.64344671201814,7
42.840816326530614,6
43.03818594104308,3
43.270385487528344,0
43.44453514739229,1
43.6302947845805,2
43.83927437641724,6
44.23401360544218,7
44.6055328798186,8
44.83773242630385,0
45.0118820861678,1
45.33696145124716,2
45.39501133786848,4
45.5459410430839,8
45.66204081632653,7
45.80136054421769,6
46.068390022675736,3
46.32380952380952,0
46.49795918367347,1
46.7069387755102,2
46.99718820861678,4
47.322267573696145,8
47.589297052154194,7
47.751836734693875,6
47.93759637188209,3
48.11174603174603,1
48.576145124716554,3
48.98249433106576,5
49.47011337868481,0
49.74875283446712,1
49.96934240362812,2
50.166712018140586,4
50.36408163265306,8
50.491791383219955,7
50.73560090702948,6
50.96780045351474,3
51.153560090702946,0
51.327709750566896,1
51.54829931972789,2
51.74566893424036,4
51.9546485260771,8
52.09396825396826,7
52.523537414965986,6
52.72090702947846,3
52.92988662131519,0
53.10403628117914,1
53.30140589569161,2
53.510385487528346,6
53.719365079365076,7
54.102494331065756,8
54.29986394557823,4
54.50884353741497,4
54.89197278911565,1
55.309931972789116,0
55.60018140589569,1
55.89043083900227,2
56.06458049886621,4
56.28517006802721,8
56.459319727891156,7
56.679909297052156,6
56.8540589569161,3
57.03981859410431,0
57.2604081632653,1
57.46938775510204,2
57.655147392290246,4
57.85251700680272,8
58.06149659863946,7
58.2356462585034,6
58.4562358276644,3
58.61877551020408,0
58.85097505668934,1
59.04834467120181,2
59.22249433106576,4
59.44308390022676,8
59.81460317460318,7
60.02358276643991,6
60.24417233560091,3
60.41832199546485,1
60.51120181405896,3
60.836281179138325,5
61.40517006802721,0
61.602539682539685,1
61.811519274376415,2
62.20625850340136,4
62.38040816326531,8
62.6009977324263,7
62.77514739229025,6
62.99573696145125,3
63.16988662131519,0
63.3556462585034,1
63.5762358276644,2
63.76199546485261,4
64.00580498866213,8
64.16834467120181,7
64.36571428571429,6
64.51664399092971,3
64.7720634920635,0
64.95782312925171,1
65.35256235827664,2
65.54993197278911,4
65.74730158730159,8
65.94467120181406,7
66.13043083900227,6
66.339410430839,3
66.54839002267573,4
66.82702947845804,4
66.95473922902494,4
67.14049886621315,0
67.24498866213152,2
67.52362811791383,7
67.91836734693878,0
68.20861678004535,1
68.41759637188208,2
68.68462585034014,4
68.92843537414966,8
69.1025850340136,7
69.33478458049886,6
69.47410430839003,3
69.68308390022676,0
69.91528344671202,1
70.10104308390022,2
70.24036281179139,4
70.50739229024943,8
70.6118820861678,7
70.89052154195011,6
71.07628117913832,3
71.27365079365079,0
71.44780045351474,0
71.66839002267574,2
72.06312925170069,2
72.35337868480725,4
72.65523809523809,4
72.9687074829932,0
73.24734693877551,0
73.44471655328798,2
73.63047619047619,2
74.02521541950114,4
74.24580498866213,4
74.82630385487528,0
75.02367346938776,1
75.2326530612245,2
75.3255328798186,4
75.60417233560091,8
75.78993197278912,7
76.20789115646258,6
76.40526077097506,3
76.59102040816326,0
76.81160997732427,1
76.96253968253968,2
77.2063492063492,6
77.39210884353741,7
77.99582766439909,8
78.1815873015873,4
78.39056689342404,4
78.57632653061225,4
78.78530612244899,0
78.97106575963718,2
79.27292517006802,7
79.55156462585035,4
79.6560544217687,4
80.34104308390023,1
80.5035827664399,0
80.9447619047619,1
81.13052154195012,2
81.33950113378685,6
81.54848072562358,7
81.72263038548753,8
81.92,0
82.140589569161,1
82.52371882086167,2
82.73269841269841,4
82.93006802721088,8
83.12743764172336,7
83.3015873015873,6
83.51056689342404,3
83.64988662131519,4
83.91691609977325,4
84.31165532879818,1
84.52063492063492,4
84.61351473922902,4
85.2172335600907,1
85.68163265306123,1
86.09959183673469,3
86.66848072562358,5
86.86585034013605,4
87.2954195011338,4
87.36507936507937,4
87.67854875283447,0
87.74820861678005,2
88.44480725623583,7
88.57251700680273,0
88.85115646258504,1
89.02530612244898,2
89.24589569160997,4
89.43165532879819,8
89.64063492063492,7
90.05859410430838,6
90.20952380952382,3
90.41850340136054,0
90.52299319727891,1
90.82485260770974,2
90.97578231292518,4
91.2195918367347,8
91.61433106575964,7
91.78848072562359,6
91.98585034013605,3
92.20643990929705,0
92.380589569161,0
92.61278911564627,2
92.71727891156462,2
93.18167800453514,4
93.36743764172336,4
93.5764172335601,4
93.95954648526077,4
94.26140589569161,1
94.55165532879819,0
94.74902494331066,1
94.9231746031746,2
95.19020408163266,4
95.53850340136054,8
95.73587301587301,7
95.88680272108843,6
96.15383219954649,3
96.32798185941043,4
96.7459410430839,4
97.12907029478458,1
97.52380952380952,0
97.67473922902494,0
97.93015873015872,2
98.02303854875284,2
98.3132879818594,4
98.68480725623583,4
99.07954648526078,0
99.40462585034014,1
99.67165532879818,2
99.90385487528344,4
100.10122448979592,8
100.25215419501134,7
100.39147392290249,6
100.60045351473923,3
100.7978231292517,4
101.07646258503401,4
101.22739229024943,4
101.44798185941043,0
101.65696145124717,2
101.88916099773243,7
102.06331065759638,0
102.24907029478459,1
102.65541950113379,2
102.84117913832199,6
103.03854875283447,7
103.23591836734694,8
103.63065759637188,0
103.87446712018141,1
103.99056689342403,2
104.24598639455782,4
104.37369614512471,8
104.60589569160997,7
105.0354648526077,6
105.20961451247166,3
105.40698412698413,1
106.02231292517007,3
106.18485260770976,5
106.39383219954648,0
106.60281179138322,1
106.80018140589569,2
106.99755102040817,4
107.18331065759637,8
107.40390022675737,7
107.53160997732427,6
107.79863945578231,3
107.98439909297052,0
108.14693877551021,0
108.39074829931972,2
108.57650793650794,2
109.16861678004535,4
109.35437641723357,4
109.54013605442177,0
109.72589569160998,1
110.17868480725623,2
110.34122448979592,4
110.57342403628118,8
110.73596371882086,7
110.95655328798186,6
111.10748299319728,3
111.31646258503402,4
111.47900226757369,4
111.61832199546485,4
111.72281179138322,0
112.33814058956916,2
112.94185941043084,7
113.52235827664398,1
114.07963718820862,3
114.90394557823129,5
115.48444444444445,0
115.86757369614513,0
115.9720634920635,2
116.07655328798187,2
116.27392290249433,4
116.68027210884354,4
116.81959183673469,1
117.45814058956915,3
118.0734693877551,5
118.21278911564626,0
118.34049886621315,1
118.6075283446712,2
118.8281179138322,4
119.02548752834467,8
119.21124716553288,7
119.40861678004535,6
119.62920634920636,3
119.8033560090703,0
120.02394557823129,1
120.2097052154195,2
120.39546485260772,4
120.62766439909296,8
120.81342403628118,7
121.03401360544218,6
121.17333333333333,3
121.42875283446712,0
121.51002267573696,1
121.78866213151927,2
122.00925170068027,4
122.18340136054422,8
122.40399092970522,7
122.60136054421768,6
122.71746031746032,3
122.98448979591836,0
123.18185941043085,0
123.321179138322,2
123.57659863945578,2
123.84362811791384,4
123.98294784580499,4
124.08743764172335,1
124.74920634920635,3
124.95818594104308,5
125.17877551020408,0
125.35292517006803,0
125.5154648526077,2
125.66639455782312,2
125.9566439909297,4
126.14240362811792,4
126.24689342403629,4
126.75773242630386,4
127.12925170068027,1
127.33823129251701,0
127.48916099773243,1
127.73297052154194,2
127.91873015873016,4
128.13931972789115,8
128.32507936507938,7
128.52244897959184,6
128.70820861678004,3
128.89396825396827,0
129.10294784580498,1
129.30031746031747,2
129.50929705215418,4
129.67183673469387,8
129.86920634920634,7
130.1942857142857,6
130.31038548752835,3
130.3800453514739,0
130.50775510204082,1
130.69351473922902,2
130.96054421768707,4
131.06503401360544,8
131.2972335600907,7
131.48299319727892,6
131.68036281179138,3
131.8312925170068,0
132.06349206349208,1
132.24925170068028,2
132.48145124716552,4
132.57433106575965,8
132.85297052154195,7
133.07356009070295,6
133.16643990929705,3
133.35219954648525,0
133.4334693877551,1
133.66566893424036,2
133.81659863945578,4
134.03718820861678,8
134.24616780045352,7
134.45514739229026,6
134.64090702947846,3
134.7570068027211,0
135.0008163265306,1
135.24462585034013,2
135.41877551020409,4
135.61614512471655,8
135.76707482993197,7
136.02249433106576,6
136.2314739229025,3
136.4172335600907,4
136.61460317460316,4
136.90485260770976,4
137.24154195011337,0
137.60145124716553,2
137.88009070294785,7
138.19356009070296,1
138.78566893424036,3
139.93505668934242,5
140.0627664399093,1
140.7245351473923,3
141.65333333333334,5
142.76789115646258,0
142.8956009070295,1
143.139410430839,2
143.3251700680272,4
143.6734693877551,8
143.92888888888888,7
144.1146485260771,6
144.31201814058957,3
144.49777777777777,0
144.7067573696145,1
144.8692970521542,2
145.07827664399093,4
145.24081632653062,8
145.41496598639455,7
145.67038548752834,6
145.79809523809524,3
146.0302947845805,0
146.26249433106577,1
146.42503401360545,2
146.64562358276643,4
146.8429931972789,8
147.07519274376418,7
147.26095238095238,6
147.35383219954647,3
147.6556916099773,4
147.84145124716554,4
148.23619047619047,4
148.46839002267575,0
148.6309297052154,2
149.09532879818593,7
150.97614512471657,0
151.18512471655328,1
151.34766439909296,2
151.52181405895692,6
151.69596371882085,7
151.9978231292517,8
152.41578231292516,1
152.99628117913832,3
153.18204081632652,5
153.39102040816326,0
153.78575963718822,1
153.93668934240364,2
154.14566893424038,4
154.3894784580499,8
154.56362811791382,7
154.74938775510205,6
154.93514739229025,3
155.16734693877552,1
155.32988662131518,3
155.53886621315192,5
156.1425850340136,0
156.31673469387755,1
156.5257142857143,2
156.72308390022675,4
156.94367346938776,8
157.09460317460318,7
157.51256235827665,6
157.73315192743763,3
157.88408163265305,0
158.3136507936508,1
158.73160997732427,2
158.89414965986396,4
159.02185941043084,8
159.20761904761906,7
159.3121088435374,6
159.46303854875285,3
159.70684807256237,0
159.85777777777778,1
160.1015873015873,2
160.27573696145126,4
160.4498866213152,8
160.68208616780046,7
160.8910657596372,6
161.08843537414967,3
161.47156462585033,0
161.65732426303856,1
161.86630385487527,2
162.04045351473923,4
162.2726530612245,8
162.4584126984127,7
162.63256235827666,6
162.8647619047619,3
163.25950113378684,0
163.44526077097507,1
163.64263038548754,2
163.7471201814059,6
163.94448979591837,7
164.2463492063492,8
164.8384580498866,0
165.01260770975057,1
165.17514739229026,2
165.61632653061224,4
165.8136961451247,8
165.99945578231294,7
166.1968253968254,6
166.41741496598638,3
166.57995464852607,0
166.81215419501135,1
167.0095238095238,2
167.20689342403628,4
167.38104308390024,8
167.59002267573698,7
167.70612244897958,6
167.91510204081632,3
168.19374149659865,0
168.37950113378685,1
168.58848072562358,2
168.77424036281178,4
168.93678004535147,8
169.16897959183675,7
169.3663492063492,6
169.5521088435374,3
169.73786848072564,0
169.95845804988662,1
170.16743764172335,2
170.35319727891155,6
170.5621768707483,7
170.66666666666666,8
171.3516553287982,4
171.7580045351474,4
172.10630385487528,1
172.3501133786848,0
172.62875283446712,1
172.76807256235827,2
172.89578231292518,4
173.10476190476192,8
173.30213151927438,7
173.52272108843536,6
173.7084807256236,3
173.90585034013606,0
174.12643990929706,1
174.300589569161,2
174.48634920634922,6
174.69532879818595,7
174.89269841269842,8
175.0900680272109,4
175.48480725623583,4
176.10013605442177,1
176.41360544217687,0
176.68063492063493,1
176.86639455782313,2
177.05215419501133,6
177.67909297052154,7
177.876462585034,8
178.0390022675737,0
178.27120181405897,1
178.65433106575964,2
178.8284807256236,4
179.03746031746033,8
179.24643990929704,7
179.40897959183673,6
179.62956916099773,3
179.8269387755102,0
180.02430839002267,1
180.2332879818594,2
180.43065759637187,4
180.6164172335601,8
180.82539682539684,7
181.19691609977323,6
181.41750566893424,3
181.60326530612244,0
181.81224489795918,1
182.00961451247164,2
182.19537414965987,4
182.39274376417234,8
182.69460317460317,7
182.996462585034,6
183.11256235827665,3
183.29832199546485,4
183.76272108843537,4
183.9136507936508,1
184.36643990929704,4
184.5638095238095,4
184.761179138322,4
184.95854875283447,0
185.34167800453514,2
185.55065759637188,7
185.87573696145125,4
186.16598639455782,4
186.34013605442178,4
186.53750566893424,0
186.93224489795918,2
187.1180045351474,7
187.5243537414966,1
187.73333333333332,3
188.03519274376418,5
188.49959183673468,4
188.66213151927437,4
188.88272108843537,4
189.10331065759638,0
189.40517006802722,2
189.68380952380951,7
